739.651506630674
779.8138751536942
287.5140076984937
894.2798218872537
300.17975086114933
567.1068490035909
28.89613807853808
692.5516982220834
385.64787521912604
799.6491038293623
742.7191124637799
110.08921914740888
759.5913455807403
539.375121308883
895.7351542901953
198.67796093737488
626.0117179836591
446.17416077256644
869.3622220058903
943.6046359352307
678.4534269972403
255.1298806336567
990.8206503650231
930.6783858307865
899.2799256651691
534.9422401809632
915.0704418643554
896.6225323262504
541.0645533655029
781.7615217431972
879.7964459873787
951.9296359949819
222.98750577508997
5.203028190673642
622.290204956879
758.4372125694239
357.3581141384952
97.10058111653707
294.9288253139442
968.2948651444459
184.85654085428126
438.5955975976675
545.0532124676266
786.6585185537666
541.8171191833391
397.44777809346164
35.39881577284065
607.3605208075766
108.85097599277039
594.9923262232912
72.83441650825307
288.969346160439
297.33285253109386
80.95820085306116
686.0151422831264
788.0661125463804
118.75324375751339
844.3998773390971
446.65862359957686
547.2293330458482
351.66367634157893
410.2857147545255
564.5035064826563
247.1334818765024
71.91930464476471
623.823478006508
302.6119739215518
275.3310850277896
144.15012547821004
108.39380840662838
557.5291853820805
538.7015480414848
585.8678802362205
298.0009882318897
527.9142271789316
52.215043751037136
810.3427199351772
391.4392604704018
755.6083829661177
73.57274593901852
630.3606881435232
52.91272112108503
464.7086241203398
421.44932555150336
562.1984194451009
192.63477550622054
47.065291906981386
14.477808355918832
407.6295080743598
700.9734547799155
746.7249788866577
598.7805969424726
311.502363576331
580.9968750122516
81.19061928606087
93.76459471952447
493.4064932239648
526.812827112706
303.97286808399184
979.0626966216392
634.1708738020916
628.8853484276796
260.75818331144285
669.9176706763183
461.413906502552
552.5502636926919
320.6205643065507
883.9686447393634
423.0920404756683
232.24037888430914
674.0555062907337
589.3145567723057
463.9696734507437
851.4709353301704
181.21643844366287
241.89274187629195
827.160266074613
637.4237155351827
126.5850033961855
669.6252089849156
491.36486429829483
789.0087241489022
690.4088882781989
141.44891256081925
324.16072256971574
678.5700593978768
682.5916254263609
871.2606717327059
282.66938525947336
319.94264264255935
101.32095891708414
449.97127306821835
25.160295447390958
979.3550270905334
376.5736221565652
473.27733945276265
110.62213308142366
720.7127962804359
737.7360478372907
938.4236818289459
558.0611436045842
623.0858519477144
4.9322174270554076
820.1431026482078
913.2619301917795
385.7623564859578
245.25092714322227
604.1240063187901
127.97296335710917
45.020941024970455
157.91703392460855
455.77141961492816
494.9553827031432
566.8115376996617
756.5522597520433
132.68963379036657
602.0605253647708
150.82499137159587
902.0227980361382
711.2299399272305
769.4779264666328
183.96997829495422
505.97286445460475
690.6105036110177
716.5223566473531
915.0652252869219
772.9942446863272
62.52934091192608
267.80449400475857
87.59382453212439
678.4841971411673
489.85574898236206
753.3572929570173
963.6557832157408
989.5950282094486
824.8993682689959
383.265702437381
399.7936416474395
528.2807890495062
815.9202928617749
284.5745874166721
894.1557222395056
48.297164286571714
999.9576005073121
76.72615169320274
814.4994140098942
52.11359361234036
460.7176572244037
831.5043230416082
337.8276215659972
109.04690585586985
342.177831496016
14.440919385062978
984.988959608119
752.5278412006415
751.7252038261249
536.8640311207923
17.36247394210011
832.2638536987135
961.0637919657057
361.2465063653608
377.78605805292176
276.1620627671181
618.7881028589513
197.23810661291995
304.17735030231773
577.2289885424256
25.43478388506837
701.7425205055492
221.8342820818394
962.2643361718477
389.9881209994268
253.62578097259515
29.192194580502818
122.01814971089742
386.2293732302039
812.1203303642867
431.8531074226576
586.582110720549
257.98377111067504
587.714519233214
550.9917517096958
315.1372357598169
184.23340959846934
255.29490923296305
634.7823580575006
835.7818201596601
608.2277884387712
221.5344154974067
335.27897828696473
319.01527214809033
759.138540535835
21.996242784216193
678.2211966659991
297.55448319651845
650.4682743984262
268.15053561800363
549.5263487100741
355.5116884374356
426.33771999757806
690.4763047453193
249.76817177455501
1.5636284486838514
44.93995707638987
731.0488482756014
426.73108588790933
113.59391281883002
937.8635286340173
827.4882345923777
486.1682110152451
796.3917354401158
464.6513954575048
999.8723728607323
402.18052816580786
229.3417233153321
693.8759766844682
603.1934460157313
701.1731092742866
97.64147639418263
285.17483727213477
140.16369945677366
277.13425016359207
498.4344560093832
21.105912644927894
842.6534715158558
611.0215724969585
792.3480174964427
843.3446543274486
324.7699207357311
913.3287095831992
731.2773829842392
84.66010499563869
986.5624283423514
686.4452094667101
334.8584781126549
956.2707001428352
4.566689856579487
212.21104513428267
410.9235018886667
249.59448523248972
683.8763374406063
510.1066440840614
319.33517171341185
642.0730278419895
666.1571685068134
382.80804350384267
563.9469976604902
958.6617014447935
988.9959480285256
268.3759094950231
64.03831720891873
233.74376922956375
274.2023631100507
752.1365950444532
504.42459596638577
442.63912050610656
386.15869597088215
756.3516020684517
992.545045610987
327.5429929845325
746.0391572327289
622.0620509879151
361.18106144292426
829.6439422106937
113.69667954168195
525.0328001098715
847.0605918914434
257.33435034874753
56.242053924995815
926.5104218792951
548.4552018572908
469.8409599252761
510.81643720429173
49.548262564079295
18.9780275674446
36.266841955091664
818.7851073921885
692.9408523899186
590.1423854035261
541.9500706729177
359.556926711981
47.34878593420133
531.8426846532187
957.2092517811875
444.4601247872292
561.9846921838872
957.7700738137454
257.9589574599818
444.5821979637854
325.2694358351862
461.87785747672325
293.34306778300765
221.20765477323368
869.1572925228865
832.3624455554084
232.44789030082057
803.4645107178294
784.3674643541818
831.2275381199702
790.3204277437628
915.0164636670494
42.548662019337044
950.3505894423512
832.9324338295761
390.11454605921017
461.4423986677818
259.07276453092345
891.3932749708632
739.0485448042425
320.39962531271925
943.684052358012
577.6305534683407
124.01494701231697
736.1446559809723
905.7778958592676
886.9198823967199
788.6451160670935
42.469238099510086
834.3006312004959
897.0602284160225
547.9131293895331
82.57855183957442
495.2226862587972
429.6551159806958
289.8704202481167
19.100199149111987
593.1101405938431
825.8738026568406
566.6299037399987
994.3063474536572
450.47682188600857
107.23072262784162
259.2493270830525
731.8880052856344
923.6485621874086
441.33571124401794
989.640199667668
961.6594489528766
427.9728891951965
13.231573937474872
422.35496302997666
369.8605974184836
680.5589850905545
114.84912015360338
850.0817553795074
630.262815615347
785.3342529951204
508.2746501861347
488.9027774104093
955.0743404591717
583.0554079884309
892.938407536633
722.8485182184833
519.6791295752577
768.0137900158003
612.4964946922938
132.00715923036176
61.53291384394733
133.5255666168902
574.0933897430098
514.4245668881214
931.0788958095461
449.9000384068951
720.8556323947197
269.2569760442953
881.3349182467554
901.4294457381798
297.8815717448015
447.1152489692223
922.8424512141398
713.0469249830591
582.6563160912143
493.2660225200656
641.9572296875438
582.6491699088749
712.734750015431
210.33126247913003
483.0006401659427
801.6831016465088
736.6996396842103
749.3550704427882
628.5792882222355
494.4469396322826
38.816195338392646
501.58239742587796
277.4198895119154
235.65744768296594
843.468180714276
608.0213066500261
315.35555358506116
416.1872212768355
592.3746318432588
429.8369715814149
602.6382392157556
118.47686621875697
605.7509193331624
729.8517537786844
359.5418141584691
935.9790750417469
587.9912471931955
503.9031623361734
422.2585607924234
125.09250685214212
219.1140521050635
370.5367061851732
462.38170992337837
713.3954924531187
285.126091782778
178.48869354227847
615.8050354732793
704.5909376274241
543.6243956336581
23.639515148905723
350.65989337247186
318.4253072968034
795.3700348151017
180.594848239659
818.949414804725
282.94618229807264
438.2313932843738
548.7791058979759
382.82779415852184
556.8144844159943
116.8084339513038
88.90131832642412
484.0129344574363
500.9891087945143
949.2142039326075
382.8810911805097
533.6084189110272
441.9527898640937
211.9030216776162
888.7978993206716
39.65069452172298
772.7504499212683
294.099804050955
682.1542588013021
760.9865617750863
223.4619837391617
195.29799371971313
475.7196083303138
278.62404178997866
699.3334430101826
832.4586789237311
492.4482009896891
9.49028341107816
132.6421426875264
947.9567057919242
329.4410769158969
352.5678194558176
123.47261542360887
464.9841162582197
295.6486320502674
353.67035438404514
754.9319479290507
724.035209880239
831.986759710095
2.6584295127951574
859.9347994918162
152.26147681526004
529.7665272408584
35.683498329604156
189.5394936375733
566.8988202798337
951.8131159526619
905.0891187968945
386.918762217454
494.63364159312385
930.3773834601727
400.8861084735378
406.3997122993397
600.6880076412716
266.91896952839033
260.25838180160855
33.60949607846053
564.5689133297385
791.0668762506012
985.3442654413153
460.6146962114599
513.8398484990144
549.5403909313812
4.578315892896145
449.0436829220953
432.93765381360214
490.53890822478417
259.1666479783058
474.5332874146889
800.9713359869713
385.08634399607524
273.80863578832657
387.4422655227846
80.60373360276685
884.0427481044788
779.5663805837697
547.6258352429579
579.5306972583406
547.9711055422166
996.8228923550464
95.16681015981365
636.7372470055888
406.77520332631457
757.5582085137177
4.310978071690008
47.6230307650497
107.00015525962692
748.7130570763009
834.455378720713
135.2548147917848
986.9139964117307
292.1969920016574
639.8899684677174
899.4166249808845
482.96538751775984
242.138786273145
329.0946458404417
230.79324948465697
115.93892135503836
776.2642752307657
874.7453610699333
264.53584704052355
931.1061114579162
85.82747427701165
167.18416584672556
565.62347939773
673.8967788635478
227.30845251993125
976.9601113947157
987.8474620674635
171.09198162573801
689.1315064973196
446.1492493501742
728.9105137172467
357.26636122989777
547.9456225333287
763.5132864970667
316.0458469799597
137.1841392373414
441.54884393153225
195.15865972333924
999.7258456048643
807.0798358478171
969.3265263161032
440.2086219460205
307.44411601016185
71.230922403547
546.1132681054613
360.1031348219168
315.21853010741273
784.9567757997114
181.67662271292207
490.49237191442353
531.3769122982093
431.15417953640645
135.56051484877497
386.29154768929186
155.3513711009624
994.7069108558258
905.8148087306772
773.3164856759624
873.6212196947943
337.5826411200328
550.1765141347958
684.0202273098832
285.60807407645103
397.158063380211
909.5577415445541
240.20347535315813
514.241642037954
531.2884511251577
906.233942037806
512.1723649111977
549.0779256539873
115.8654691431159
722.9153516651347
931.6692093748768
394.26607935450374
64.08321639187608
333.9236075107501
65.00327274921369
149.3242515138532
281.3585824565843
555.9844071081986
163.15978042023983
737.5983749117436
195.82975721638695
513.6864553534581
797.2679514904199
115.44271444242105
411.58178169971507
173.44572553547656
60.65886857199709
444.5739296250757
220.22588021328926
389.8529241411164
272.8473217210039
890.7158159397186
176.18521621139604
729.5720208678872
856.1217410056657
423.56462677916676
192.0162449305317
190.49546283485174
72.02906160644851
236.269879153694
642.3219349454885
817.651973888931
602.8921822776298
177.03936904209638
778.2888762565736
132.40096719589843
542.5996222988709
891.1406605210759
349.6077092296265
237.73726747061409
221.25853379140293
208.48645897141736
706.5122525358255
440.0687385595351
429.90343017059007
680.154009440914
811.8995335604137
236.61830259944227
34.30515885699492
66.60399833169872
531.9694394755385
557.6409272559393
671.0256612067359
11.027566898501039
293.5493732383775
223.93564130866739
204.21566838477366
93.16455977421867
697.2454605305338
682.6710557835663
888.2548276033918
952.1000639267933
957.7892098306861
218.33249781355224
729.1838436491544
190.96050736405513
106.42405347397433
0.6373977576834555
366.98140544188686
332.09421827361206
734.903737198151
527.5552867029319
911.0889413407965
178.2361226476923
686.6503093143742
249.10706850998844
553.1886317270204
553.3195442925818
507.8467665251033
416.40800396925613
454.09125028741335
546.0127711853612
659.7150824967283
490.4573574927836
355.69199023248166
59.7215140103442
462.95786445201736
766.4670101461355
604.3043987973593
684.713333296456
496.3177207020215
222.06040423279381
788.2834026825354
651.1829001002644
703.4352902000528
981.4621030942832
990.7006023810677
896.4923351079217
775.6633980637706
202.8374276131334
736.9364286463984
85.48404418897293
473.2215248193894
642.2305912659074
77.4048963190872
759.6778024882785
423.05090721186343
625.0890051092829
887.2288706539917
659.3280376881527
588.9576596162
665.1502177355453
387.53496751488103
661.7311621984685
48.10760374428169
510.5073062837766
97.13873773220205
709.83689547624
927.6628847360755
967.9573552547452
908.7425779470763
567.1315332171577
356.3275746038087
459.27681441836296
750.3701501348534
227.92541742760875
67.79527790351902
896.8567324005262
340.6128588831991
336.5905165048395
856.569150265602
131.16959705053256
875.365220421909
24.95858714590471
431.35032055983856
918.8289099093431
94.07786305035492
164.00389321959975
337.1683463027953
87.5415326333061
65.15817328613937
144.09901663458558
524.6530359252514
333.0417747170653
203.00034845108493
947.5462278901795
833.3239891575574
873.1356658438852
483.2280447565799
457.7504576246886
125.5004966024943
5.272263346120187
558.0844864936615
661.3149877248716
58.411402257418366
466.59882308857647
490.5062902322389
642.5038659411374
514.3104695878851
379.2445449074037
123.26920735473546
43.9300926055024
521.8802508420977
478.61799600571766
678.6950682806764
972.9920917816769
96.93277494377183
268.79109142494764
44.76094229882099
170.4952759770333
806.3933843877401
726.5825872611163
345.05332686703525
626.0595556298742
16.779371867478467
184.7425900794638
812.8615280265958
724.3276256674526
726.8623718513439
64.67864645811572
693.8058852534404
436.65309443498603
603.9297260589403
200.45326663978568
886.7480700294052
34.86133467120278
344.0365760728656
598.3216747445397
299.3327201907331
296.8402409225822
758.8673454622663
609.8675821289083
442.3603884609174
198.13202348023339
55.301350799078385
661.8339396741152
616.2940892267146
639.3612026251118
618.5040457340052
882.0347155314552
153.55294036086508
846.247999272052
235.3422737218941
188.2726628377862
571.8479621453828
697.1207513422376
102.14791446973659
665.9771596677214
166.66690879704626
382.2543441522843
149.33120016090064
350.31544650561494
525.1159968583659
480.0263864776735
185.07158769582978
849.819388555706
678.6790323855555
746.7966075430518
111.29049198928043
601.108981419714
129.0543146962022
660.5789010059633
997.3366660969582
928.0831841566029
779.0834245489601
32.98988315596474
110.2918695345353
493.9873498248444
879.8852890689244
809.6215421525817
95.53081743098868
181.0556329792271
465.6624716846559
515.8996954637543
377.1458312712507
909.9663160544096
389.24668439998555
673.654260619247
505.07372787796066
420.13613456968966
994.3031117571816
913.0410647052084
614.2381858948717
571.9197324939671
664.214173038471
435.11912867911553
380.7482327079347
303.06870803327445
973.0148581582064
942.3017357531781
861.1696639454656
974.3441924696649
930.3538576262754
147.06301119181342
383.11255804642855
472.9657374491569
860.3056393799734
493.6962155518015
218.85513121870292
107.61846766565752
782.9606254595142
783.5842478658134
118.45039900299258
25.029568984790252
778.0719460057823
981.3562840777487
904.7384977929001
605.6638094638473
701.6389399691056
597.4689912338553
239.91477339222277
54.87794410840263
799.1591841999408
692.164884301953
361.77946492974576
195.91119732458606
213.38206722314712
726.4239214160133
57.52190692618342
292.37992757559226
119.74891346528416
197.43921256882513
393.86868796529353
580.4822021975506
239.30608180570178
239.31124290643268
754.651528691796
74.90806871930533
776.72875609198
144.0692666689053
550.3273558878111
127.48942142155828
410.19505975655
63.79255779846582
558.7097806381014
163.913566477891
820.2016784174633
991.5183957282646
232.1473559371364
1.3625943089919934
386.01333353994636
486.78751323365265
463.6108889189522
158.7302586469055
101.29057288224897
511.0918484202932
242.62859761683498
611.1071669868821
464.54146259609473
169.15375043404768
351.73407648752453
511.51391521671695
85.39450572533791
113.87952834705783
755.0694632881347
505.40096120490216
14.291876399769254
865.9942542690154
613.0116040178871
397.22311076699776
351.05293928357827
323.7794522847658
920.1667287689332
93.43561882477647
516.8606424141179
293.9983401433538
608.804679320336
942.5477459982254
684.5739584625672
962.0080828876168
585.7812712841434
820.4089311867731
253.87145742510774
837.2226826316709
578.2229956658633
567.6916498334697
930.5831456195838
859.5034280475498
851.725662321509
676.5741662742354
923.6681879847781
32.718540689489096
834.5444678231142
444.91532472000597
8.64890245813954
163.62781611164644
432.2300446955455
168.7528977525975
722.9121404051475
27.41127839219604
349.3913062028109
327.7454230262279
756.1408259217342
555.5760230878597
48.74245842896385
133.21751585906193
678.2405573942938
447.63867130844517
72.31861793338912
254.7566818872692
507.4770633462734
944.8952363577356
325.719902995521
18.849395228162535
263.1421268956831
372.7542539213158
583.4720254401113
881.8330757581625
569.9173507162826
457.523179227311
912.0663377865599
519.4793988182919
585.206275893748
354.2016990149373
926.9701709764382
446.814115193622
6.057443217538316
783.7504412505962
800.8739604992444
684.3166557715107
678.902057098532
671.4666558032402
722.6687392409524
620.432790342957
383.18166428299185
202.5134504155358
70.1239280558531
